88,63,38,62,17,37,97,26,46,53,14,92,65,45,55,11,57,31,68,61,59,12,76
46,53,14,92,65,55,11,57,31,59,12,54,82,84,41,39,29,13,83
13,83,94,73,48,74,96,77,38,62,17
31,76,54,41,29,48,51
52,42,27,77,88,63,38,18,37,46,14,92,65,55,11,31,68
52,98,29,56,48,96,84,24,83,76,42,74,85
13,83,85,94,73,48,24,78,96,52,77,63,38
42,27,77,88,18,62,17,37,97,26,46,53,14,65,45,55,11,57,31,68,61
57,97,76,71,84,37,12
57,31,68,59,12,76,54,84,41,39,71,29,13,83,85,94,98,73,48,24,23
82,29,83,68,39,92,41,61,85
29,39,41,56,52,63,83,71,77,94,74,78,24,98,96
48,24,51,78,96,52,42,27,77,88,63,18,62,97,26,53,14
85,42,27,88,62,37,97
46,53,14,92,65,45,55,11,57,31,68,61,59,12,76,54,82,84,41,39,29,13,83
73,23,51,78,74,27,88,18,37,26,53
55,38,37,62,61,17,57,76,12
68,65,46,11,31,12,92,37,59,14,76,55,61,18,63,45,17,62,54,38,97,57,26
29,85,94,51,42,63,62
62,17,11,31,61
88,17,14,63,97
73,56,48,24,23,51,78,74,96,52,42,27,77,88,63,38,18,62,17,37,97,46,53
11,71,82,68,85,61,12,48,56,41,73,13,24,31,76,29,94
84,71,13,48,52,42,88
12,76,54,84,39,71,29,83,85,98,73,48,24,51,78,74,96
63,18,17,37,65,11,31,68,54
96,77,38,17,46,45,55,57,31
59,54,65,55,97,38,37,57,92,12,82
77,88,38,37,97,46,53,92,45,11,61,59,12
78,74,96,52,42,27,77,88,38,18,62,46,53,14,92,65,45,55,11
62,17,37,97,26,14,92,65,45,55,11,57,31,68,61,59,76,54,82,84,41
57,98,23,56,68,48,76,59,94
88,37,65,45,31,68,76
45,11,31,68,12,29,83
77,38,17,78,62,63,51,27,45,23,92,14,88
54,97,14,68,12,17,82,38,37,46,57
41,29,83,94,48,23,51,78,74,96,52,27,77,88,63
26,37,62,55,77
98,73,56,48,24,23,51,78,74,96,42,27,77,88,63,38,18,62,17,37,97,26,46
11,37,26,92,55,53,59,88,57,65,68,38,46,17,31,45,27,61,97
84,39,71,29,13,83,85,94,73,56,48,51,78,74,96,52,42,77,88
12,51,41,61,13,98,39,29,82,76,71,84,68,85,59,23,94,73,48,78,56,83,54
51,42,74,37,78,26,38,18,52,17,14,53,77
12,76,54,82,41,39,71,29,13,83,85,94,98,73,56,48,24,23,51,78,74,96,52
77,38,18,62,17,37,46,53,92,45,55,11,57,61,12
14,31,12,39,13
18,85,51,52,56,38,27,13,83,73,88,78,77,42,74,62,24,96,29
11,92,55,31,63,62,59,77,45
54,62,12,55,65,37,41,57,31,26,97,46,11
27,56,77,62,48,88,37,38,46,73,42,52,18,53,17
61,12,76,54,84,41,39,29,83,94,98,48,24,23,51,78,74
24,56,52,63,18
26,46,53,14,92,65,45,55,59,76,82,84,41,39,13
45,29,85,61,12,41,94,68,55,65,31,82,71,84,39,83,59,11,13,73,57,98,54
98,73,56,48,24,23,51,78,74,52,42,27,77,88,18,62,17,37,97,26,46
41,74,23,51,24,13,84,48,82,56,52,85,78
46,53,92,65,45,55,11,57,31,68,12,76,54,84,41,39,71,13,83
11,41,53,55,57
78,74,52,88,63,18,37,55,11
62,46,53,45,11,31,76
57,59,54,71,29,85,94,24,23
57,31,68,61,12,76,54,82,84,41,39,71,83,85,94,73,48,24,23
17,97,46,57,68,76,39
39,29,83,94,98,73,56,48,24,78,74,96,52,42,27,63,38
73,48,24,23,51,42,63,18,62,37,26,46,53
57,31,68,61,12,76,54,82,84,41,39,71,29,85,94,98,56,48,24
46,53,14,55,31,68,59,76,54,82,84,13,83
54,59,83,78,96,84,82,48,94
65,17,46,14,45,92,88,55,57,27,31,53,42,97,77,61,18
85,83,27,52,71,77,78,96,18,51,38
24,61,59,54,82,68,85,83,11,12,71,76,84
41,83,48,51,78,74,52,42,63
65,45,11,57,31,68,12,76,82,41,39,13,94,98,73
54,27,51,84,83,39,23,96,48
83,98,55,13,71,56,76,11,84,31,73,59,29,48,85,61,12,54,68,39,82,41,94
31,68,61,54,39,71,29,13,83,85,23
65,45,31,61,59,68,26,37,46,77,88,27,11
54,82,84,41,39,71,83,85,98,73,24,23,78,74,96,42,27
45,55,11,57,31,68,59,12,76,54,82,84,41,39,71,29,13,83,85,94,98,73,56
11,62,17,42,53,88,52,18,96,97,74,63,38,92,14,26,78
37,54,12,61,68,92,62,18,57,59,26,46,97,84,14,82,65
92,65,55,61,76
37,26,62,42,92,96,78,51,97,48,38,18,24
59,12,76,54,82,84,41,39,71,29,13,83,85,94,98,73,48,24,23,51,78,74,96
88,63,38,18,17,97,53,14,92,65,55,57,68,12,76
98,68,59,61,11,73,13,71,39,56,94,41,12,29,57,84,54,55,85,45,82
68,59,12,76,54,39,71,83,73,56,48
52,56,63,13,98,94,17,18,23
62,98,51,29,38,13,83,18,42
76,54,82,41,39,29,13,83,85,94,56,51,78,96,52
12,76,54,82,84,41,39,71,29,13,83,85,94,73,48,24,23,51,78,74,96
83,29,74,78,56,85,13,62,23
85,56,48,51,52,42,27,77,63,38,17,37,97
83,51,77,17,38,48,63,78,73,13,42,18,27,52,56,94,24,96,85,98,74
74,96,42,27,77,88,63,18,17,37,97,26,46,53,14,92,65,45,55,11,57
68,61,59,12,76,54,82,84,39,71,29,13,83,85,94,98,73,56,48,24,23,51,78
42,46,53,23,18,92,62,27,38,37,77,48,97
18,45,68,12,76
84,61,13,55,29,76,65,54,82,31,73,41,71,45,68,39,57,11,98,59,85
77,88,63,38,62,17,37,97,26,46,53,14,92,65,45,55,11,57,31,68,61,59,12
37,97,46,53,14,92,45,55,11,57,31,68,59,12,76,54,82,84,41,39,71
24,23,51,78,96,52,42,27,77,63,38,18,62,17,37,97,26,46,53,92,65
12,45,11,73,55,61,29,71,56,76,54,82,98,57,59,83,94,13,31,84,85,68,39
53,14,92,65,45,55,11,57,31,68,61,59,12,76,54,82,84,41,39,71,13,83,85
85,98,73,48,24,51,78,74,96,52,42,27,77,88,38,18,62,17,97
78,74,52,27,88,63,38,37,97,26,46,53,14,92,65,45,55
42,77,63,18,17,37,97,26,46,53,92,65,45,55,11,57,31,68,61
61,82,84,29,13,83,85,98,48,24,23
83,85,94,98,73,56,48,24,23,51,78,74,96,52,42,27,77,88,38,18,62,17,37
92,65,45,55,11,57,31,68,61,59,12,76,54,41,39,71,13,83,85,94,98
68,41,61,55,54,71,37,92,26
98,73,56,24,96,52,38,62,37
92,29,13,26,11,57,71
42,23,78,38,63,77,52,62,92,18,26,45,88,17,14,65,96,27,51,53,46
37,26,46,53,14,92,65,45,55,11,31,68,61,12,76,54,82,84,41,39,71
42,27,77,88,38,18,17,37,97,26,46,53,14,92,65,45,55,57,68
48,39,57,55,84,68,85,59,94,98,83,71,61,13,76
24,23,51,78,74,96,52,27,63,38,62,37,97,26,46,53,14,92,65
45,55,11,31,68,61,59,12,54,82,41,39,71,13,83,85,98,73,56
62,37,97,26,46,14,92,45,11,31,68,61,12,82,41
97,74,52,63,62,38,65,24,92,78,37,18,46
27,51,82,41,39,24,73,56,23,83,77,13,78
98,84,83,29,48,56,13,59,73,24,61,12,57,82,23,76,94,85,54
38,18,62,17,37,26,53,92,65,45,55,11,57,31,61,59,12,76,82
74,18,38,96,48,85,77,23,83,98,62,52,88,78,56
27,52,13,98,78,42,88,23,51,73,74,39,96,77,94,84,56
74,38,18,62,56,51,26,97,48,23,77,17,78
82,39,55,68,31,65,97,14,53,41,46,54,17
52,27,77,18,62,17,37,97,14,45,31
76,84,71,83,85,94,98,24,42
42,27,77,88,63,38,18,62,17,97,46,53,14,92,65,45,55,11,57,31,61
11,57,31,12,76,71,13,48,24
61,59,12,76,54,84,41,39,71,29,13,83,85,94,98,56,24,51,74
45,62,76,59,11,65,26,61,57,18,55,14,38,68,97,46,12,31,17,63,88,37,53
38,18,62,17,37,97,26,46,53,14,92,45,55,31,59,12,76,54,82
71,54,59,57,41,84,39,14,82,46,61,76,13,55,11
57,61,84,41,85,94,73,48,23
68,59,12,41,39,29,94,98,73,51,78
31,68,61,59,12,76,54,82,84,41,39,71,29,13,85,94,98,73,56,48,24,23,51
48,74,63,18,46
78,52,53,97,96,27,88,46,37,92,63,17,38,11,77,74,62
45,11,57,31,68,61,59,12,76,54,82,84,41,39,71,29,13,94,98,73,56
85,94,56,48,23,51,78,96,52,42,27,63,38,62,97
57,92,55,26,11,39,54,65,14,37,45
94,98,73,56,24,23,51,78,74,96,52,27,88,63,38,18,62,97,26
26,24,96,27,51,17,18,97,42
17,37,53,92,55,31,68,84,39
41,39,71,29,13,85,98,48,23,51,78,74,52,42,27,88,63
51,41,94,61,48,54,76,71,31,56,13,39,98
71,29,13,85,94,98,73,24,23,51,78,74,96,52,42,27,77,88,63,38,18
56,48,23,74,96,63,17
71,98,54,31,65,73,83,29,13,61,82
18,31,65,62,61,37,68,82,46,76,97,11,84,92,14
73,56,24,23,78,96,42,27,88,63,38,18,17,37,46
84,39,83,31,94,71,13,51,76,85,23,59,29,54,12,68,48
94,56,48,74,52,42,27,18,17,37,26
31,29,76,59,53,82,39,71,83,54,61,84,85,55,65
51,39,41,84,78,23,71,76,73,13,96
82,96,23,48,59,56,51
52,27,77,88,38,18,62,17,37,97,46,14,65,45,55,11,57,31,68
18,98,73,97,24,56,62,27,48,46,77,96,42,38,51,74,17,37,63,23,52,26,78
39,71,29,13,85,94,56,48,24,23,51,78,74,52,42,27,77,88,38
74,27,96,57,92,38,17
39,71,13,83,85,94,56,48,23,51,96,52,42,27,88,63,38
76,54,84,41,39,71,13,83,24,51,78,74,42
52,78,62,17,11,55,97
55,92,76,84,82,13,85
82,84,71,13,85,56,74,42,77
27,59,11,17,53,26,55,14,57,61,45,18,38,88,62,37,63,97,68
59,61,39,37,41,17,11,26,97,14,76,84,46,57,55,92,68,31,45,12,65
77,26,94,52,17,18,97,56,96
71,13,94,73,56,78,96,52,42,88,18
73,83,71,51,98,56,29,96,77,63,24,85,38,94,18,27,74
51,74,96,27,88,63,46,14,55
92,62,76,65,53,12,61,45,41
39,71,29,13,83,85,94,73,56,48,24,23,51,78,74,96,52,42,27,77,88,63,38
83,85,94,98,73,56,48,24,23,51,78,74,96,52,42,27,88,63,38,18,62
85,94,98,73,56,48,24,23,51,78,96,52,42,27,88,63,38,62,17,37,97
94,98,73,56,48,24,23,78,74,52,77,88,63,38,18,62,37
78,74,96,52,42,77,63,18,17,97,14,92,65,55,11
24,78,77,63,18,62,17,53,14,92,65
85,94,23,51,78,96,52,27,38,17,97
77,88,63,38,18,62,17,37,97,26,46,53,14,92,65,55,11,57,31,68,61,59,12
51,98,83,23,84,59,61,82,76,71,73,78,56,13,41,54,39,48,24,12,94,85,68
94,78,62,88,96,29,27
27,18,62,53,55,11,59
76,84,41,39,71,13,83,48,78,74,42
42,27,77,88,38,18,17,37,97,46,53,45,11,57,31,68,61
18,17,37,97,26,53,14,92,65,45,55,11,57,68,61,59,12,76,54,82,84
88,26,45,55,57,31,76
26,46,53,65,45,68,61,12,71,29,13
61,18,82,11,57,31,17
77,18,24,65,46,27,53,14,42
84,41,39,71,73,56,23,51,78,74,96,42,27,77,88
24,51,74,52,42,27,77,88,63,38,18,17,37,46,53,14,65
24,23,51,74,96,52,42,77,88,63,38,18,62,17,37,97,26,46,53,14,92
65,11,68,54,82
48,74,96,42,88,38,62,14,92
96,52,26,53,14,11,31
97,26,53,14,92,65,55,11,31,61,59,76,54,84,39,71,29
52,23,24,83,51,56,37,48,96,88,63
46,11,57,39,54,68,31,37,55,82,26,59,76,12,65,53,92,45,41,97,14
73,41,12,29,61,56,13,83,23,51,74,48,98,39,76,71,54,82,24
56,48,24,78,96,27,77,88,38,18,62,17,37,97,46,53,14
76,82,84,41,39,71,29,13,83,85,94,98,73,56,48,24,23,51,78,74,96,52,42
42,18,94,27,13,29,56,96,24
31,26,45,12,61,11,29,65,55,53,54,57,14,41,68,97,59,71,82,84,92,76,39
45,82,12,76,84,53,18
73,56,42,27,18,97,53